0,273
0,270
3,2
10,226
10,88
10,314
10,286
10,292
10,120
10,102
10,272
9,7
9,2
9,3
30,4
8,11
8,12
30,3
8,17
30,1
8,18
8,2
8,3
28,3
28,1
27,3
27,1
11,30
11,29
11,28
11,27
11,26
12,2
11,25
11,24
11,23
12,1
11,22
11,21
11,20
11,19
11,18
11,17
11,16
11,15
11,14
11,13
11,12
11,11
11,10
11,9
11,8
11,7
12,3
11,6
11,5
11,4
11,3
11,2
11,1
10,317
10,306
10,300
10,295
10,291
10,290
10,288
10,284
10,281
10,276
10,275
10,271
10,270
10,267
10,262
10,259
10,258
10,255
10,254
20,2
20,1
10,253
10,250
20,3
10,244
10,241
10,235
10,233
19,2
10,224
19,1
10,222
19,3
10,221
10,217
10,213
10,211
10,205
10,194
10,189
10,184
